77777 7 7 777777777 777777777777 (777777777777777 *77777777 7777777

*727 777.777 7777277727777777„

77 777777 777 77777 777 ι 77777777 777777

777777777777777777 a 7777777 ΞΤ 7 777 7777 77777777 7 7777777777 ¹77777 7 77777777

77777777 777777 77777.7777 7 7 7777 ..7777 7 ζ 77 77777.77.77 77 77 7777777

7777777777 777 777777777777777777777 777 77777 777 772777 777777777777777777

7777777777 77777 „7777777777777 77777.7 7.7 7177 :177 ι 77 7777777777777

77777 ‚77777777 77777777777 777777 77777 7777777777 777 Ξ. ..7777777777777

7777777I ..7 7777777 77.77 777 7777777 7777777777 77

7 17777777717777

777777 777777777777 777777 777777777 77777777777 77777777477 7777 ,Ξῖ

‚777777 777 77777.7 7 7 777777 777

‚77s 777 777777777 77 ‚7777777 7777777 777

. 7 7777 7777777

777777w7777 77 7717
7777 77777 77777777717777
77777777

777277-—7 777 7777777777ss777777 777-1771..

7.777 77 7 77777 777 7 77 7 77 7777777777s77777 77777777 .777777
,717777 7777 7777777777 77777777777 7777777777 7777777777777771, ‚777777

77, ,Α 777 777 77777 777777771 7777777777777 777777 ,7 7777

077 77 777777777777777777 727777777777777 2777777777777777777777 ⁴77717777 Ξ

777777777777)

‚7777777777777 s777777s7<777

.77.77„7.77777 s 77777777777 77777.777 v777 7777 777-777 17

7.7777 7777772 7777777777777 7.77777 7777

7777777777. 77777777777s 7777777777777777777 777777771777777 ,7777777777777

. 777 7 77 7777777 „77 ,777 [77777777777777 0777777777777777777„ 7 7177777

,Ξ [777777177 777777777772777777
7777. ,77777777717 7.777777 777

.7777 77777771777771772 777771777777 777 777-77:777 7777 777777777777 7777777777

27777777777777777777777 ,777777-77777777

 

77777777777777 *fisi—727 ‚777777-77

1777 77777777

⁴777—7777ss 777 7 v7.7717777777 777177772177* 7777777 ,, t

,7177 77 Ξ- 777-7 ΛΜΞ 717 ,[,1 5727 77777777s777 7777777771727

,Ξ ῖ 777777777 s 777777777 77777 ¹77777777777777: l 777777777777777 77771727 7777777,777.7

›77777777777 777777777777717772 2 7777777 Ξ ,7 7777777777177177777.777.7777.,7- 77177777

77 7717 7777777777777777 717 {77:777 ix.

ἒ. ζιί

,7777777771777777 7 77777777 777777777 7:771} 7.7777777777 777-71

. 77777 77777777 777777777777 .7777777777777777 ,777717777 7777777777s7777 77771777

7777 77777777 77777777777777 77 7777777777777777777 7:377

77:77
7777 „7777 7.7 ‚7777

7777777717777‚0777777777777

777.:77777 7777777177777777777777777777777 —777

Ξ 777777777777 77777777777 77777.7777777

7777777 77777777 7777 1777 77777777777

7777777 777 777 777 777777. 77777777 7777.77777 777777777777777777

777 777777777

.777777777777 7777777777

777777777 7777 77777.77,77 7.77777777777777777

s77777777. 77777777 7777777 η 77 777777777777777, 777 777 77777777.7 777

. 77777777 777 777 777 777 7777 7.777777 77777 77 77777777777 7777 777.

.7777777 7777 777777 77777 777 7777777777777777 77777 77777777777777 777

‚77777777777 77777777 777 777 777777

¹777 777777777777 77777777777 77 77 7 7 7 7777777

777777777777777777 ,7777 777 7777 777 777 7777 77 777 777 777 7 77 7777777777s

7 77777777777 77 777 77 77777. 7777

 

7 7 77 7777777s7 77777777770777 7 , 7777777 7777 777777777777 77777777777

 

¹7777 ,777777 ‚77 7

‚7.7 [72:777

-.Ξ 777 ‚7.777777777777. 7777777777777777 ‚777-777777777 7777 .7:7777777777777.

7777777s7777 ‚777777777 7777 7777s77777 7777777777777777 77777777 777 777777777777

777777i7777777 7777777777777777777 77777777777777 [77777777777777 777777777

*7777 777 (77:77777 7777777777777 777777777777 77777777777 ‚7777777777777 ΞΞ

77777 7772777s7777777<7 f 777777777 77 77777777777777 77777777777777717777777

7777777.7
7777777777 7777 77s ,7777 ‚7777 7727777777 77777.7.777.7717,.777 77777777777777 77777777.

77777777777 77777 ‚7777777777 {s 777.77777777 177777372

7777777777 ..777-77777777777 7777 ..777777777777 777777J77777127777777777

777 Τ. -777-777772277 7777777-77-77& 7s7. 7777 207—777777—777777 ⁴777-7777 5:777-—

[ΤΞ 777 77777 ,177777777777771777777 7777 77777777 77777A ,77777777777777777

7.7777777 s7777777 77777777777777777 77777777 77777 777 77777 7s ‚777777777 777777

r777777s77777777777777 s 7.77777 77777177777777777 77777777. 777 777 :7:777

‚77 77 ΞΓ 7777777 ‚7777 ,7777777777777 ⁴77777777777777777 777777„7777777777

77777777 77777777277777777 777777777777777 2777777777 7777777 77777777 ,ἑ

77777777777777777777 ,77 77777777 ‚7777777777777777 77777 7777777 (7777777777777777773
s7777777

,77777777777 777777 ¹7777777 (77777777 77:7777777777777 ,ἑκ-Σ.

77771777777777777..777777s7777777777777777777777 777777777777777777777777

,77777177777777x 7717777777 77777777777777: 777 77:713). 777777 77777777( 77

v(27 77 77- 7777777. ΞΡ. 77777 271 :7777 7777777777177777777
17777777777777 ‚777777777777J777 7777777717777 77777771775 77777771777 777 ,7777177277777717

7777 7777771777 7 ‚7777777777777777 777 7.777 777777 7777777 7777777 7777 777 ‚77777737s

,777777717775777777727777 Ex.

777 77777777
:7.7777777777777777 ‚2777777777777777 Ξῖ ,Ξὲἶῗ,.Ξξῖ,- 77777777 777777
..777 ..7.777773777777 777777777773777 777717777 7727777777777777777 777777777
[777777777 777777777777777777 777 77777777771777777 777w777 777777 ΞΞΞ]Δ
7.. 77777777777

77777777 77777777777 7777 7777 7.7 v7777777217777777

:77777777777 77777777777 77777777777 ,2777777 7717777777 77777777 7777.

777 7777777777777 f77777ff77777 [1777 7777777777 77777 777 72 7777777777 ,777777777
7777] 57:77777777777 77. s7777777777477777 [77777717777777777777777777777777
177777777177777 7777777717777777777777s777777s77777777777777777,7777777771777—
ΞΞΞΞ, [ΞΞΞΞ ,Ξῖ-ἶ ΔΞΞΞτΞ 777 27777777n7777 77:777
7777777777777777777 ..77777777777 7:7727777777777.

777-7777s777777 . 777-7272

77777 7777777777777 777777777 ,7.77777 777 777777777s ‚777777777777777777777777
7777277 7777777 77777 777777777777777s 7777. 77777777 7.7 777777777s 77:773:-
77777777777777 777777777777777777
777 7777 77 7777777

77777 7777777777777777777 777 577777777277s

77777777717777 7777777 77:777717777777

777 777777777 7777777777 ‚7777717777777777 77772177777 ιΞζῖ

ΞΞΞΞΞΚΞ Ξῐζῖ..
77777777771777 77777 777777 777727777777777777 7777777777s77777777771777 777777777

Ξ 7717777777777‚777777777777777777 77 777.‚7777777777777777777777777777777

7777777777 777777777 77 7777777 7777 7 777777 77777777. 7777777777777777

*777-77777 ‚77777-777 7777 777-‚777ss 777777 7 *77777777777777 77777777777—277777.

777 777777777 777-77 7777 77777 777777777777777777 ‚7777 777-7 7777777f ,77777l

77.77.77777 27 7777777777 777777 . . . 777777 7777 7777777 77 7777777777777777777

77 77 777777777. 7777777 77777777 777777777 07777777 77777 77777 τ 777777 777
77777 7777177 777777777777 777 7777777 77777 77777777707777 7777 7777 777777777

⁴777 7777777777777 77777 277777777 777. 27777777772777777 [7777771777777

27777772. 077477177777 77

 

