x]
Χ
,,.,
t:
(1
11
1 1’ ⁸ 1 1
1 111
ᾹΛΗ ¹ 1 1
Ι 1 K 1
11111111 x 1
11 1“1 ι 11
,1 11 ’ 1 x
11111 1 11
1

11 1 1 1
11 1 111111111 11 1 1 1 1
111111 1 11 1
Ι 111 1 1 1
Ι1’1“ΙΙ’111 1 1
111111111111 x* 111 111 11
1111111111111111 11 1111111111
111111111 11-1111 ’1- 1111, X 1
111111111111111111, 111111 1’
111111 1111111111. 11 11 1 11 1
1111111111 11111111, 1 1111 1111 1.11 1 11 1 111
1111111111 111 11· 1 11 1 11 1 1 1,
1111111111 111 111111 1111111111 11111111 111 1 Ι 11
11111111 111111 1 11 ¹ 11111 1 1 11 ’
1111111111111111111111 1111111111 11 11111 1 11
111111 11 111111 11 11 11111 11111 1111 1’1111 1 1111
1111111111111111111111-1111111 111111 111111 11111111111 1111111111
1111111Γ 11114111 Ι11111 11’1111χ111111111 1111111111111’1 111
1111ἸΙ111111 1111 11.11111111 11111111111 Ι 111 1 111

111111111111 11Ι 111111111111111..111 11

1111111111111 1111111111,
1111111111 1111111 11·11111111 111 1 111111 4111111 11 111
1111-111111111111111111111111111111111111111111111111111 4ιι
1111111111111111111111111111 1111 11111 1111 11111-1 111 11
11111111111111111111111111111111111111 1111111111111 11111111111
11111 11 11111111 1111111111111111111111111111111111
1111 Ι 1111111111 1111 11111111111111111111111111 11111 1111111111

111 1 Ι“11 1 ΙΙ 111

XXX

1111111111 1

1111111 11
111 11111

1111111

. 1111111

1111111111

11 11111

1

1 1

1..

1111111 11111111111 1111

111111111

111111111

1111111

1111111111 1111

1111111111111111111111

1111111

1

11111111111
111111

1111111111111111

1 1

1111111111

1111

 

111111

 

