111,Ι Χ11111

,ι -1, x 1
ινα.) Χ 11 111

111 11 11 :afim 111 [x 111 111-11 1 1
1·11111111111 1111 Nl 11 ΙΧΙΙΙ 111111111111ἷ11 111111111

l 111111 11 11 1111111 111111111,1·1111111. 11,1,1111
11111. *ww-&xxm 1111111·1111111111 1111 . 11
11111111111 111111111111111111 1111111111 1·11111 N 11111111
11 11 1111111· 1111 ’.1 1.11 1 111111,1 11 11 111 1111 Ι1

11111 111111 111 1111111 1 1111111111 1
,1111111111 111 11111111 14 11111 1111111Ιί 111 111Ῐ
11·111111 1]11111,1111·, 11’, 11111·1111

κ1111111.111111111’11111111·11111111111,111111 111 11111111111

11>«-1111;1’11 1111111 1111111111 11111111 11111111 111 11111

Α1111111 1. ,11,1111111’.11 1111111111111111111111 111

111,111111111 111κ1111111111111111111111111 1111111111111
1

1111111111111111111111111 11111111 1111111
1111111 13111 1111111111111111111111111111111, 111 1111111

1111111 1111111111 1111111111·1111111.1. 1111 1111 111111111 11
111,;1ἶ1. 11 ἶ 1111 i 11111> 1111111 ,1111 ’1111111111111
11 lx 1 111 ·1111 11 11Ῑ1 111 11111111 1,1 11111

11111 ’1111111’111111,1111111111111 111111111111111111111111111111

11111111, 11, 11111 111 11111 11 11
11 111’111111111111111111,>1111 111111111ἰ111.1,11,111

111111111111 1111 111111111111 1111111 111ἰ111”11111

11111 ’1.”1 ,11111111111111 1 11 111111111111 11111

κν1111111111111111111111111111111 11111111111111111111111111. 11111 vx

1111-111111111111111111111111 11111 ,1111111111111 11111111» 111 111111

111111 1 ,111 1111111111111 ;111111111111,111-1111111
11111111,1111111111111,111111111111111111111111111111 vx 11111
11111111111111111·111111111111111111· 11·.1111111111111111111111111, 1111111
11111 111111111111111111.111111111 1111111111111·111111111.111111,111
1111111111111111111111111111111111111111111111111111Ι.11111111·111111111
1111111 μ11111·111111111111,1111 11111111.1 11111 ;11111111 11111
111111111111111111.; 1111111.111111111111111111111111111111111111111111
1111111111111111,11111111111111111111111111111111111111κ111,1111111
1111111111 11 111111·111·111·11,11[111-[1·11111,11111111111ι11111
11111111·111111-1111κ1111111[1111111111111111111111111111111 111111111, ,111

1111111 111111111111111111111111111 111-111111«1111111 1111111111111 111111

1,1. 1·111111 1111111111 11111 11 1111.
1’111;ᾹΙ.Ν 1Υ11,11,Ιι“1,[.11,·111.

 

mxl!

111-,[1,1111111111111 1111

111. ’1

1 11 11. Ι 11
11 11 1111111 1 1 1
111 11 1

11111111 111111111111111 111
1111111 ,1111111 111111111

ι]11’1’1,1’11 1 11111.’1111

11111111111111111111 1111111111111111

11111111111111 111 11111111111111111

 

1
11
11111111
1111
111111
11

111111111111111,1111111 1111111111,11,1 1

1111111111·11111111111111111111,111111111 11

111111111111111111111111111 4111 11 1

111111111 11111111111111111111111 11

11111111111 1111111 , 111111 1 1,1]

11111111111111111 1 1 1
11111 1 1 1

1 1111· ¹ 1

111111111111 1 1 1 11

1 1 11

11·1·111 11]11111111,111’11

11111 11111111 ,1111111111 1’.1111 11

